..¹2

³V. 111111-11111111111111111 · - ”
’01111111110111111111111111111111.

·'l. 8111111111.

- 1) mame 81111111 111 8111111111 »anagn 111. 1111111111. 0111181
(1111111111 111 1111111511 111 111111111111 111 dem 1111111111 11 111 1111111111,181.
1111111. 1111111111. 811111111111 1111111111, 2 81. 11111 1111111. 111 17. 111. 1111111. ,
1,,1111.181.,(111111111111 111 8111111111 1 81. 111111111111111. 111111111111 mh
111151111111111111111111111111 11111111 811111, 2 St. 0111111111.
1821)(13111111111 1111111111 1111111111 111 11111 111811111111,11112111111111111,

1 11 1111111. ν

8) 1111111111 8111111111] 8111 17. 111111111111,81111111111111111111111111 und·
11111111111111111 81. 8111. 111. 11111111, 011111. 1111111111 111 0111. 1111111.

21711111111111111.

1111 1111111111 11 111 Religion, 11 111 (1111111111 111 811111111111111 11111 111 “

8111111 111111011111 mit 1111116111 01111- 111111151111111111111111 11 11111111 11111111
1118.011111.11111111111 iaz, im 17. 0111.Η1111111181.1.1111111111. 11181111111-
111111111 111 (1111111111 111 111 11111111 zeit 111 11111111 111 111111111111 11111111
(1111111111)111 17. 11281111. Μ1111111.

1. Im Getange 1111 81111111111111

11111 111 81111111 111111011111 mit 11111 111 111111111111111111111111111111111 111111-
11111111 811111111111111111111 1111 1111 8111111 11111 11111 01111111111 1111111111. j

. ‘Verordnungen und 111111111111111111 111 11111
vorgesetzten Β111111ιι. ⁴

magdeburg, 1118. Μ11. 11111111111111111111 111 1111111. 1111111111111111111181111·
Collegium 1111111 11111111 111 Δ11111111111,11111 011111 11111 1111111111111.
’,Μ1511111ς den' 11. ΜιΙ. (111111111115 111 111 111 81111111111111 111111111111

ΙιΘα1111111111111111Μ11. 111 1111111111111111111111151111111111111111 1111111111--

11111111111111.,1111111111ι1ι-111Μ11111111-111111ς1ι1ι1111111111111,11111 11111111 11111-
11111, welche 1111 1111111111 111 8111111111 1111111,11111111111111 111 1111111111111,
wie 11 111 1111111 Untenic'htugegemtinden 1111111111 11111111, 1111111 111 8111111111 111

1111111 1111 1111111 011111 11111 Gymnasium 1111111111 werden.
1111111ς11111.Μ11.111 1111 1118111111 11101111111111 111111, ,111111 111 11111

manburg 111 111· 111111111111111 lm &⁴⁶ 111 1111111 1111111115 empfohlen.
dm 111ὲῖιέ11111, 1111. 1111. 811111 111 1111111111111 1111111ρὶ1111 111 111 8111111111

Μ1ς111111,11111.1111 111 1111111111 111 aynan-ian werden 1111111111, 1111111111 “

111 11111 111 (1111111111 111 111 1111111111,111111 11 111 fragm 111111111111
werden 1111,1111111111111111111111111111111 111111111111.

magdeburg, den 11. 1111. 11111111111111111111111 8111111111 811111111111111111111
111 11111111 1111111111- 0111111111 1111111111111111111111 mit, 1111111 111 1111111. 1111111·
1111111111 11111111111111111111 11 111111 ι1ι 1111111111 1111 111111111111111111 1111111·
111111 11111111111111111111111. ·’ ³ ν
· Berlin, 111 18.1111.1111111111111181111,1111 111111118111111,111111111
Prin· 11111 8111111111 11111111111111,111 11111111111-11111111111111111 11111111111

31

 

